Lopp 1:		Lopp 2:		Lopp 3:		Lopp 4:		Lopp 5:		Lopp 6:		Lopp 7:                
3 	27.0	13 	29.1	5 	33.1	6 	37.0	6 	47.6	6 	33.9	9 	49.0	
2 	25.6	15 	22.8	9 	30.1	11 	33.5	4 	28.4	4 	31.3	1 	40.8	
9 	24.4	14 	22.6	6 	27.7	13 	31.3	5 	27.8	1 	26.5	4 	40.7	
11 	24.3	4 	22.0	7 	26.7	1 	30.3	1 	27.6	5 	24.7	5 	34.4	
4 	23.6	2 	21.7	2 	25.9	2 	30.1	3 	27.1	9 	21.8	6 	32.2	
5 	22.8	9 	21.3	4 	25.7	10 	25.5	2 	26.8	10 	20.5	2 	31.0	
1 	22.3	6 	21.2	1 	22.9	15 	23.8	7 	26.1	11 	19.2	7 	28.5	
6 	22.3	3 	21.1	8 	20.7	5 	23.3	9 	25.0	2 	17.8	8 	28.5	
10 	20.3	1 	19.9	10 	18.5	12 	21.4	12 	24.7	3 	17.6	3 	26.3	
12 	20.3	12 	19.1			14 	21.0	8 	21.1	7 	17.2	10 	23.4	
8 	19.2	10 	18.4			7 	19.6	11 	21.0			11 	23.4	
		5 	17.9			9 	19.3	10 	20.6			12 	17.9	
		8 	17.8			4 	19.2					
		11 	17.6			8 	17.0					
		7 	16.7									
